c14027_g1_i1	gi|349579703|dbj|GAA24864.1|	73.68	114	30	0	19	360	301	414	1e-42	 157
c14027_g1_i1	gi|323353877|gb|EGA85730.1|	73.68	114	30	0	19	360	301	414	1e-42	 157
c14027_g1_i1	gi|168062156|ref|XP_001783048.1|	78.07	114	25	0	19	360	310	423	1e-42	 157
c14027_g1_i1	gi|475550294|gb|EMT11425.1|	76.32	114	27	0	19	360	310	423	1e-42	 157
c14027_g1_i1	gi|365759571|gb|EHN01353.1|	73.68	114	30	0	19	360	301	414	1e-42	 157
c14027_g1_i1	gi|445065992|gb|AGE13867.1|	72.81	114	31	0	19	360	117	230	1e-42	 154
c14027_g1_i1	gi|350543532|gb|AEQ29955.1|	71.05	114	33	0	19	360	13	126	1e-42	 151
c14027_g1_i1	gi|219885633|gb|ACL53191.1|	76.32	114	27	0	19	360	310	423	1e-42	 157
c14027_g1_i1	gi|527195873|gb|EPS64948.1|	78.95	114	24	0	19	360	318	431	1e-42	 157
c14027_g1_i1	gi|207343245|gb|EDZ70769.1|	73.68	114	30	0	19	360	301	414	1e-42	 156
c14027_g1_i1	gi|255078174|ref|XP_002502667.1|	77.19	114	26	0	19	360	310	423	1e-42	 157
c14027_g1_i1	gi|557531085|gb|ESR42268.1|	78.95	114	24	0	19	360	310	423	1e-42	 157
c14027_g1_i1	gi|225440324|ref|XP_002263599.1|	78.95	114	24	0	19	360	310	423	2e-42	 157
c14027_g1_i1	gi|358058675|dbj|GAA95638.1|	75.44	114	28	0	19	360	357	470	2e-42	 157
c14027_g1_i1	gi|195396075|ref|XP_002056658.1|	71.93	114	32	0	19	360	116	229	2e-42	 155
c14027_g1_i1	gi|470143179|ref|XP_004307259.1|	78.95	114	24	0	19	360	310	423	2e-42	 157
c14027_g1_i1	gi|357503161|ref|XP_003621869.1|	78.95	114	24	0	19	360	310	423	2e-42	 157
c14027_g1_i1	gi|514749399|ref|XP_004961848.1|	78.95	114	24	0	19	360	309	422	2e-42	 157
c14027_g1_i1	gi|508726282|gb|EOY18179.1|	78.95	114	24	0	19	360	310	423	2e-42	 157
c14027_g1_i1	gi|193587299|ref|XP_001949837.1|	72.81	114	31	0	19	360	305	418	2e-42	 156
c14027_g1_i1	gi|145617263|gb|ABP88104.1|	70.18	114	34	0	19	360	172	285	2e-42	 152
c14027_g1_i1	gi|255731011|ref|XP_002550430.1|	75.44	114	28	0	19	360	302	415	2e-42	 156
c14027_g1_i1	gi|448124770|ref|XP_004205009.1|	73.68	114	30	0	19	360	304	417	2e-42	 156
c14027_g1_i1	gi|508784217|gb|EOY31473.1|	78.95	114	24	0	19	360	310	423	2e-42	 156
c14027_g1_i1	gi|557526732|gb|ESR38038.1|	77.19	114	26	0	19	360	310	423	2e-42	 156
c14027_g1_i1	gi|565364590|ref|XP_006349004.1|	77.19	114	26	0	19	360	310	423	2e-42	 156
c14027_g1_i1	gi|297834060|ref|XP_002884912.1|	78.95	114	24	0	19	360	310	423	2e-42	 156
c14027_g1_i1	gi|115464309|ref|NP_001055754.1|	78.95	114	24	0	19	360	309	422	2e-42	 156
c14027_g1_i1	gi|475566738|gb|EMT15100.1|	76.32	114	27	0	19	360	310	423	2e-42	 159
c14027_g1_i1	gi|303289903|ref|XP_003064239.1|	77.19	114	26	0	19	360	311	424	2e-42	 156
c14027_g1_i1	gi|565479066|ref|XP_006297173.1|	78.95	114	24	0	19	360	310	423	2e-42	 156
c14027_g1_i1	gi|374463526|gb|AEZ53132.1|	69.30	114	35	0	19	360	162	275	2e-42	 151
c14027_g1_i1	gi|330818765|ref|XP_003291509.1|	75.44	114	28	0	19	360	302	415	2e-42	 156
c14027_g1_i1	gi|462399305|gb|EMJ04973.1|	78.95	114	24	0	19	360	310	423	2e-42	 156
c14027_g1_i1	gi|474441223|gb|EMS68426.1|	77.19	114	26	0	19	360	309	422	2e-42	 156
c14027_g1_i1	gi|2827002|gb|AAB99745.1|	77.19	114	26	0	19	360	309	422	2e-42	 156
c14027_g1_i1	gi|186898205|gb|ACC93947.1|	78.07	114	25	0	19	360	310	423	2e-42	 156
c14027_g1_i1	gi|508786815|gb|EOY34071.1|	78.07	114	25	0	19	360	310	423	2e-42	 156
c14027_g1_i1	gi|331686221|gb|AED86992.1|	78.07	114	25	0	19	360	305	418	2e-42	 156
c14027_g1_i1	gi|60280518|gb|AAX18241.1|	70.18	114	34	0	19	360	124	237	2e-42	 151
c14027_g1_i1	gi|557529652|gb|ESR40902.1|	78.07	114	25	0	19	360	310	423	2e-42	 156
c14027_g1_i1	gi|168014669|ref|XP_001759874.1|	78.07	114	25	0	19	360	310	423	2e-42	 156
c14027_g1_i1	gi|557526733|gb|ESR38039.1|	78.95	114	24	0	19	360	310	423	2e-42	 156
c14027_g1_i1	gi|475523011|gb|EMT06830.1|	78.07	114	25	0	19	360	310	423	2e-42	 156
c14027_g1_i1	gi|297810343|ref|XP_002873055.1|	76.32	114	27	0	19	360	310	423	2e-42	 156
c14027_g1_i1	gi|555704815|gb|ESO08048.1|	72.81	114	31	0	19	360	304	417	2e-42	 156
c14027_g1_i1	gi|302788901|ref|XP_002976219.1|	78.07	114	25	0	19	360	308	421	3e-42	 156
c14027_g1_i1	gi|302810874|ref|XP_002987127.1|	78.07	114	25	0	19	360	308	421	3e-42	 156
c14027_g1_i1	gi|50551349|ref|XP_503148.1|	76.32	114	27	0	19	360	302	415	3e-42	 156
c14027_g1_i1	gi|556522445|emb|CDJ25771.1|	73.68	114	30	0	19	360	306	419	3e-42	 156
c14027_g1_i1	gi|348499350|gb|AEP68850.1|	71.93	114	32	0	19	360	304	417	3e-42	 156
c14027_g1_i1	gi|297850024|ref|XP_002892893.1|	77.19	114	26	0	19	360	309	422	3e-42	 156
c14027_g1_i1	gi|242072786|ref|XP_002446329.1|	78.95	114	24	0	19	360	242	355	3e-42	 155
c14027_g1_i1	gi|556515519|emb|CDJ18753.1|	73.68	114	30	0	19	360	305	418	3e-42	 156
c14027_g1_i1	gi|29336623|sp|Q24789.1|HSP70_ECHGR	73.68	114	30	0	19	360	306	419	3e-42	 156
c14027_g1_i1	gi|527100653|dbj|BAN65384.1|	71.93	114	32	0	19	360	136	249	3e-42	 155
c14027_g1_i1	gi|27902253|gb|AAO26707.1|AF474951_1	71.05	114	33	0	19	360	61	174	3e-42	 149
c14027_g1_i1	gi|161702921|gb|ABX76301.1|	77.19	114	26	0	19	360	310	423	3e-42	 156
c14027_g1_i1	gi|564375949|ref|XP_006248069.1|	71.93	114	32	0	19	360	32	145	3e-42	 153
c14027_g1_i1	gi|24415605|gb|AAN52150.1|	75.44	114	28	0	19	360	304	417	3e-42	 155
c14027_g1_i1	gi|473936070|gb|EMS50129.1|	76.32	114	27	0	19	360	398	511	3e-42	 156
c14027_g1_i1	gi|53829568|gb|AAU94663.1|	75.44	114	28	0	19	360	274	387	4e-42	 154
c14027_g1_i1	gi|366992329|ref|XP_003675930.1|	74.56	114	29	0	19	360	301	414	4e-42	 155
c14027_g1_i1	gi|15620767|emb|CAC69880.1|	76.32	114	27	0	19	360	305	418	4e-42	 156
c14027_g1_i1	gi|472585418|gb|EMS22972.1|	75.44	114	28	0	19	360	303	416	4e-42	 155
c14027_g1_i1	gi|557108465|gb|ESQ48772.1|	78.07	114	25	0	19	360	310	423	4e-42	 155
c14027_g1_i1	gi|50420953|ref|XP_459019.1|	74.56	114	29	0	19	360	302	415	4e-42	 155
c14027_g1_i1	gi|356502432|ref|XP_003520023.1|	78.07	114	25	0	19	360	321	434	4e-42	 155
c14027_g1_i1	gi|410932177|ref|XP_003979470.1|	73.68	114	30	0	19	360	182	295	4e-42	 155
c14027_g1_i1	gi|26985219|gb|AAN86274.1|	78.07	114	25	0	19	360	310	423	4e-42	 155
c14027_g1_i1	gi|344304775|gb|EGW35007.1|	73.68	114	30	0	19	360	302	415	4e-42	 155
c14027_g1_i1	gi|523423703|emb|CDF90016.1|	71.93	114	32	0	19	360	301	414	4e-42	 155
c14027_g1_i1	gi|125719300|gb|ABN54440.1|	72.41	116	30	1	19	360	160	275	4e-42	 152
c14027_g1_i1	gi|365981455|ref|XP_003667561.1|	75.44	114	28	0	19	360	302	415	4e-42	 155
c14027_g1_i1	gi|513033289|gb|AGO13261.1|	74.56	114	29	0	19	360	302	415	4e-42	 155
c14027_g1_i1	gi|45198632|ref|NP_985661.1|	74.56	114	29	0	19	360	302	415	4e-42	 155
c14027_g1_i1	gi|158262600|gb|AAI54390.1|	71.93	114	32	0	19	360	35	148	4e-42	 152
c14027_g1_i1	gi|508726275|gb|EOY18172.1|	78.07	114	25	0	19	360	310	423	4e-42	 155
c14027_g1_i1	gi|239950215|gb|ACS36776.1|	73.68	114	30	0	19	360	232	345	4e-42	 154
c14027_g1_i1	gi|111120231|dbj|BAF02622.1|	76.32	114	27	0	19	360	305	418	4e-42	 155
c14027_g1_i1	gi|470133735|ref|XP_004302715.1|	78.07	114	25	0	19	360	310	423	4e-42	 155
c14027_g1_i1	gi|399216278|emb|CCF72966.1|	76.32	114	27	0	19	360	306	419	4e-42	 155
c14027_g1_i1	gi|542264735|ref|XP_005466824.1|	71.93	114	32	0	19	360	142	255	4e-42	 154
c14027_g1_i1	gi|450880|emb|CAA54419.1|	75.44	114	28	0	19	360	296	409	5e-42	 155
c14027_g1_i1	gi|557766671|ref|XP_005183030.1|	77.19	114	26	0	19	360	305	418	5e-42	 155
c14027_g1_i1	gi|164422265|gb|ABY55233.1|	73.68	114	30	0	19	360	305	418	5e-42	 155
c14027_g1_i1	gi|94470205|gb|ABF20530.1|	72.81	114	31	0	19	360	304	417	5e-42	 155
c14027_g1_i1	gi|212277032|gb|ACJ22906.1|	73.68	114	30	0	19	360	284	397	5e-42	 153
c14027_g1_i1	gi|418211162|gb|AFX64219.1|	69.30	114	35	0	19	360	159	272	5e-42	 150
c14027_g1_i1	gi|74179642|dbj|BAE22472.1|	71.93	114	32	0	19	360	54	167	5e-42	 153
c14027_g1_i1	gi|48766851|gb|AAT46566.1|	72.81	114	31	0	19	360	304	417	5e-42	 155
c14027_g1_i1	gi|418211222|gb|AFX64249.1|	69.30	114	35	0	19	360	159	272	5e-42	 150
c14027_g1_i1	gi|26422391|gb|AAN78300.1|	72.81	114	31	0	19	360	306	419	5e-42	 155
c14027_g1_i1	gi|58373286|gb|AAW71958.1|	72.81	114	31	0	19	360	304	417	5e-42	 155
c14027_g1_i1	gi|269994458|dbj|BAI50393.1|	71.93	114	32	0	19	360	123	236	5e-42	 150
c14027_g1_i1	gi|12044387|gb|AAG47839.1|AF318605_1	72.81	114	31	0	19	360	306	419	5e-42	 155
c14027_g1_i1	gi|260943390|ref|XP_002615993.1|	75.44	114	28	0	19	360	304	417	5e-42	 155
c14027_g1_i1	gi|156454274|gb|ABU63810.1|	72.81	114	31	0	19	360	304	417	5e-42	 155
c14027_g1_i1	gi|392465167|dbj|BAM24707.1|	77.19	114	26	0	19	360	310	423	5e-42	 155
c14027_g1_i1	gi|418211252|gb|AFX64264.1|	69.30	114	35	0	19	360	159	272	5e-42	 150
